mass1	mass2	mass3
2.97E+07	5.61E+07	2.44E+07
1.52E+11	3.83E+11	2.32E+11
4.10E+09	1.03E+10	1.04E+10
3.13E+09	7.57E+09	1.36E+10
1.59E+10	1.77E+10	2.36E+10
1.14E+10	2.42E+10	1.87E+10
4.28E+10	5.74E+10	8.31E+10
4.55E+10	6.76E+10	8.50E+10
1.77E+10	4.18E+10	4.05E+10
1.84E+10	2.93E+10	2.97E+10
2.44E+10	2.11E+10	3.44E+10
6.39E+10	2.40E+10	7.39E+10
1.31E+11	2.03E+11	1.11E+11
5.96E+10	1.36E+11	1.28E+11
4.13E+10	6.42E+10	8.38E+10
2.98E+10	6.59E+10	5.08E+10
1.65E+10	7.10E+10	2.50E+10
3.67E+10	6.24E+10	3.88E+10
4.52E+10	2.32E+10	2.33E+10
9.62E+10	1.72E+11	9.49E+10
2.06E+11	6.76E+10	2.55E+11
6.06E+10	1.31E+11	1.08E+11
9.16E+10	1.42E+11	1.39E+11
4.32E+10	6.51E+10	5.42E+10
7.43E+10	1.16E+11	1.16E+11
1.44E+11	2.08E+11	2.52E+11
9.00E+10	1.09E+11	1.40E+11
5.59E+10	8.31E+10	5.79E+10
6.38E+10	9.67E+10	1.06E+11
1.43E+11	1.35E+11	3.45E+11
2.20E+11	1.65E+11	2.91E+11
3.40E+11	1.18E+11	5.25E+11
2.52E+10	1.63E+10	3.16E+10
3.38E+11	3.77E+11	4.86E+11
1.38E+11	1.72E+11	2.96E+11
1.49E+11	1.26E+11	1.62E+11
2.08E+11	3.18E+11	2.59E+11
1.06E+11	2.07E+11	2.27E+11
1.36E+11	1.36E+11	1.72E+11
1.34E+11	1.11E+11	2.44E+11
1.82E+11	2.17E+11	3.07E+11
3.38E+10	6.52E+10	3.94E+10
5.69E+10	1.01E+11	9.19E+10
8.10E+10	1.18E+11	1.25E+11
9.18E+10	1.46E+11	1.38E+11
4.92E+10	1.07E+11	7.40E+10
7.22E+10	9.21E+10	8.78E+10
1.59E+10	2.90E+10	3.14E+10
1.24E+10	1.28E+10	2.00E+10
1.67E+10	2.03E+10	2.19E+10
1.74E+10	3.30E+10	3.77E+10
1.47E+10	1.41E+10	1.42E+10
9.90E+09	1.39E+10	1.29E+10
1.27E+10	1.69E+10	1.61E+10
3.10E+10	4.24E+10	7.23E+10
1.41E+10	2.36E+10	2.33E+10
8.23E+09	3.29E+10	1.15E+10
1.79E+10	2.62E+10	2.85E+10
2.59E+10	1.13E+10	3.03E+10
6.84E+09	1.19E+10	1.09E+10
1.86E+10	5.97E+10	2.82E+10
4.20E+10	3.68E+10	5.14E+10
3.70E+10	4.07E+10	5.59E+10
1.10E+11	2.23E+11	1.17E+11
4.90E+10	6.90E+10	7.14E+10
6.66E+10	6.81E+10	6.75E+10
6.60E+10	1.04E+11	9.25E+10
6.98E+10	9.33E+10	1.05E+11
1.06E+11	1.47E+11	1.52E+11
3.40E+11	1.05E+11	3.44E+11
3.26E+10	3.74E+10	4.54E+10
6.29E+10	8.22E+10	6.24E+10
1.45E+11	2.90E+11	1.27E+11
5.75E+09	1.13E+10	1.11E+10
7.02E+10	1.01E+11	8.13E+10
2.44E+11	3.08E+11	2.64E+11
2.43E+09	2.66E+09	6.20E+09
5.58E+10	1.11E+11	8.18E+10
1.86E+10	2.76E+10	2.52E+10
9.36E+09	8.02E+09	1.49E+10
3.35E+10	4.02E+10	4.99E+10
8.79E+09	1.43E+10	1.38E+10
5.45E+10	1.53E+11	1.32E+11
1.06E+10	1.82E+10	1.23E+10
4.83E+10	4.84E+10	8.05E+10
3.45E+10	3.83E+10	4.15E+10
6.03E+10	4.67E+10	6.28E+10
5.56E+10	8.11E+10	8.55E+10
9.98E+10	1.68E+11	1.98E+11
6.64E+10	7.95E+10	1.34E+11
3.95E+10	8.05E+10	7.48E+10
6.32E+10	4.43E+10	7.85E+10
3.63E+10	8.00E+10	4.59E+10
6.78E+10	8.06E+10	7.25E+10
5.23E+10	1.07E+11	6.49E+10
1.11E+11	1.72E+11	1.86E+11
5.51E+10	9.20E+10	1.10E+11
3.40E+10	6.32E+10	7.02E+10
5.22E+10	7.54E+10	7.23E+10
2.29E+10	4.65E+10	4.85E+10
1.52E+11	7.04E+10	1.41E+11
8.93E+10	1.74E+11	2.01E+11
3.30E+11	1.44E+11	3.42E+11
7.95E+10	1.18E+11	8.37E+10
5.16E+11	4.14E+11	7.84E+11
2.72E+11	4.02E+11	4.18E+11
2.50E+11	2.47E+11	4.88E+11
6.78E+10	1.52E+11	6.32E+10
2.63E+11	3.32E+11	3.25E+11
2.81E+11	2.03E+11	1.96E+11
1.27E+11	2.19E+11	9.68E+10
1.36E+11	2.81E+11	1.31E+11
6.78E+10	8.91E+10	1.24E+11
1.40E+11	3.57E+11	3.28E+11
1.83E+11	2.93E+11	3.03E+11
2.04E+11	8.32E+10	2.21E+11
5.48E+10	3.86E+10	5.06E+10
4.73E+10	6.20E+10	7.88E+10
5.18E+10	7.68E+10	8.46E+10
8.34E+10	1.48E+11	9.64E+10
8.02E+10	6.37E+10	1.06E+11
1.92E+10	4.51E+10	2.71E+10
2.73E+10	9.79E+09	3.86E+10
2.13E+10	5.62E+10	1.62E+10
1.03E+11	1.14E+11	1.40E+11
2.86E+10	3.47E+10	3.97E+10
2.66E+10	4.59E+10	4.07E+10
9.97E+09	2.38E+10	1.14E+10
1.98E+10	4.69E+10	4.78E+10
9.68E+09	1.82E+10	8.83E+09
5.31E+10	9.10E+10	6.74E+10
3.02E+10	5.54E+10	7.82E+10
1.06E+10	1.35E+10	2.13E+10
4.42E+09	6.45E+09	7.19E+09
2.51E+10	1.50E+10	2.41E+10
4.81E+10	9.18E+10	7.66E+10
4.53E+10	8.45E+10	6.32E+10
9.69E+10	2.40E+11	1.32E+11
1.70E+11	1.76E+11	2.19E+11
1.39E+11	3.88E+11	2.60E+11
1.52E+11	2.30E+11	2.97E+11
2.71E+11	1.52E+11	2.51E+11
4.77E+10	6.57E+10	7.15E+10
1.17E+11	1.69E+11	1.92E+11
9.86E+10	1.28E+11	1.18E+11
9.37E+10	1.90E+11	8.00E+10
3.10E+11	2.44E+11	4.27E+11
3.21E+10	5.08E+10	3.92E+10
1.18E+11	2.04E+11	1.86E+11
1.29E+11	2.47E+11	2.33E+11
3.95E+07	2.53E+07	8.84E+07
1.50E+10	2.96E+10	2.74E+10
1.03E+10	2.22E+10	2.38E+10
1.49E+10	2.86E+10	1.99E+10
1.31E+10	1.26E+10	1.48E+10
1.88E+10	4.54E+10	2.67E+10
1.89E+10	3.41E+10	5.65E+10
1.04E+11	4.24E+10	9.94E+10
2.56E+10	6.69E+10	3.39E+10
9.55E+09	2.02E+10	2.05E+10
2.13E+10	3.35E+10	4.16E+10
4.82E+10	6.95E+10	7.70E+10
1.29E+10	1.31E+10	8.89E+09
2.18E+11	3.71E+11	2.64E+11
1.02E+11	1.56E+11	2.91E+11
4.78E+10	8.33E+10	6.27E+10
6.35E+10	9.27E+10	6.94E+10
3.32E+10	4.56E+10	4.24E+10
3.88E+10	6.19E+10	5.21E+10
2.52E+10	7.48E+10	5.28E+10
4.03E+10	5.64E+10	5.09E+10
4.14E+10	6.01E+10	8.21E+10
3.97E+10	4.05E+10	5.81E+10
7.22E+10	1.31E+11	1.66E+11
6.38E+10	1.51E+11	8.86E+10
5.59E+10	9.37E+10	8.47E+10
8.15E+10	1.05E+11	1.38E+11
1.01E+11	1.50E+11	1.40E+11
4.94E+11	4.57E+11	5.05E+11
1.53E+11	1.83E+11	2.91E+11
4.21E+11	2.95E+11	6.36E+11
1.35E+11	1.78E+11	2.44E+11
2.51E+11	4.40E+11	1.99E+11
1.76E+11	2.32E+11	2.18E+11
1.43E+11	2.32E+11	2.16E+11
1.28E+11	1.07E+11	1.49E+11
1.86E+11	1.82E+11	2.12E+11
1.29E+11	2.47E+11	2.86E+11
7.79E+10	1.40E+11	1.23E+11
5.04E+10	8.14E+10	1.15E+11
1.54E+11	2.30E+11	1.68E+11
3.07E+10	4.65E+10	3.36E+10
1.45E+11	1.61E+11	1.67E+11
1.33E+11	1.99E+11	1.20E+11
5.64E+10	1.05E+11	6.45E+10
1.87E+11	1.37E+11	2.16E+11
7.68E+10	2.99E+10	8.06E+10
1.08E+10	1.57E+10	1.64E+10
2.23E+10	2.62E+10	1.04E+10
2.48E+10	2.25E+10	4.00E+10
1.83E+10	3.00E+10	8.79E+09
4.93E+10	1.91E+10	5.17E+10
1.36E+10	2.77E+10	2.91E+10
1.29E+10	1.99E+10	4.38E+10
1.45E+10	2.62E+10	2.53E+10
1.30E+10	3.60E+10	3.18E+10
1.80E+10	2.45E+10	2.69E+10
2.62E+10	3.18E+10	6.05E+10
5.41E+10	2.12E+10	4.68E+10
1.60E+10	2.92E+10	1.67E+10
1.50E+10	3.03E+10	3.41E+10
5.03E+10	1.97E+10	4.89E+10
1.49E+11	9.17E+10	1.56E+11
1.12E+11	1.60E+11	1.73E+11
7.78E+10	9.93E+10	1.41E+11
6.29E+10	1.05E+11	8.59E+10
2.23E+10	4.53E+10	4.57E+10
4.64E+10	8.04E+10	1.38E+11
9.19E+10	1.40E+11	8.47E+10
5.54E+10	9.47E+10	6.62E+10
5.90E+10	1.11E+11	5.97E+10
2.02E+11	1.64E+11	1.99E+11
2.85E+10	7.67E+10	3.83E+10
6.46E+10	1.14E+11	7.64E+10
6.51E+10	1.24E+11	6.92E+10
1.35E+10	1.66E+10	2.82E+10
4.35E+10	7.21E+10	6.60E+10
1.75E+10	3.69E+10	3.15E+10
2.52E+10	3.66E+10	4.19E+10
2.04E+10	4.12E+10	3.67E+10
5.93E+10	1.06E+11	7.96E+10
1.55E+11	1.79E+11	3.96E+11
1.74E+10	2.55E+10	4.35E+10
3.87E+10	6.59E+10	3.76E+10
2.25E+10	1.38E+10	2.50E+10
3.60E+10	6.39E+10	8.51E+10
5.85E+10	7.88E+10	3.54E+10
2.45E+10	5.47E+10	5.28E+10
5.09E+10	6.41E+10	6.62E+10
3.36E+10	5.51E+10	3.46E+10
3.34E+10	1.27E+11	5.20E+10
7.27E+10	2.69E+10	7.46E+10
3.45E+10	7.84E+10	7.33E+10
2.47E+10	6.24E+10	4.01E+10
5.89E+10	8.16E+10	1.30E+11
8.65E+10	1.21E+11	1.16E+11
6.63E+10	8.75E+10	1.01E+11
1.08E+11	1.14E+11	2.18E+11
5.09E+10	7.38E+10	6.55E+10
9.93E+10	1.51E+11	1.55E+11
6.73E+10	6.71E+10	9.28E+10
1.02E+11	6.30E+10	9.37E+10
5.32E+10	8.65E+10	7.38E+10
1.32E+11	2.22E+11	1.48E+11
1.22E+11	4.74E+11	1.37E+11
1.71E+11	1.40E+11	2.31E+11
1.89E+11	3.05E+11	2.54E+11
1.86E+11	2.24E+11	2.05E+11
1.05E+11	5.81E+10	9.27E+10
2.32E+11	2.68E+11	3.67E+11
2.43E+11	2.71E+11	2.38E+11
1.38E+11	1.63E+11	1.97E+11
1.58E+11	8.73E+10	1.73E+11
1.57E+11	1.86E+11	1.16E+11
1.48E+11	2.25E+11	3.10E+11
1.14E+11	2.13E+11	2.28E+11
6.05E+10	1.07E+11	8.31E+10
1.92E+11	7.87E+10	2.38E+11
6.81E+10	1.16E+11	1.25E+11
8.97E+10	1.36E+11	1.50E+11
3.39E+10	6.25E+10	6.87E+10
5.14E+10	6.84E+10	7.72E+10
1.57E+10	2.19E+10	4.44E+10
1.62E+10	2.77E+10	3.95E+10
8.04E+09	2.58E+10	8.90E+09
4.36E+10	4.45E+10	2.88E+10
3.04E+10	1.41E+10	2.80E+10
2.79E+10	3.97E+10	4.04E+10
1.52E+10	3.58E+10	1.45E+10
2.58E+10	1.44E+10	3.23E+10
3.69E+10	1.42E+10	4.95E+10
4.37E+10	4.63E+10	3.51E+10
1.59E+10	9.09E+09	1.86E+10
1.62E+10	3.97E+10	3.94E+10
1.05E+10	2.13E+10	1.67E+10
2.07E+10	4.44E+10	3.02E+10
1.25E+10	1.41E+10	2.81E+10
3.37E+09	4.33E+09	6.64E+09
4.21E+10	5.75E+10	6.41E+10
4.86E+10	9.09E+10	1.02E+11
1.14E+11	2.01E+11	1.89E+11
2.41E+11	3.00E+11	3.80E+11
5.12E+10	1.17E+11	1.07E+11
1.13E+11	1.06E+11	1.61E+11
5.49E+10	1.04E+11	1.23E+11
1.30E+11	7.29E+10	1.38E+11
9.15E+10	1.43E+11	1.67E+11
1.05E+11	1.17E+11	1.55E+11
5.38E+10	5.95E+10	9.45E+10
6.19E+10	1.18E+11	1.13E+11
5.64E+10	1.12E+11	1.16E+11
